(0.001, 50, 128, 4150) ::: 0.919234
(0.001, 50, 64, 4150) ::: 0.902529
(0.001, 50, 32, 1037) ::: 0.885486
(0.001, 20, 64, 4150) ::: 0.879887
(0.001, 50, 64, 1037) ::: 0.875619
(0.0001, 50, 64, 4150) ::: 0.871402
(0.0001, 50, 32, 4150) ::: 0.868264
(0.001, 50, 32, 4150) ::: 0.864312
(0.001, 20, 128, 4150) ::: 0.851511
(0.0001, 50, 128, 4150) ::: 0.833114
(0.001, 50, 128, 1037) ::: 0.828186
(0.0001, 20, 32, 4150) ::: 0.813459
(0.001, 20, 32, 1037) ::: 0.804252
(0.001, 10, 64, 4150) ::: 0.792814
(0.0001, 20, 64, 4150) ::: 0.787622
(0.001, 20, 32, 4150) ::: 0.787372
(0.0001, 20, 128, 4150) ::: 0.772511
(0.001, 20, 64, 1037) ::: 0.765526
(1e-05, 50, 32, 4150) ::: 0.759453
(0.0001, 10, 32, 4150) ::: 0.755889
(0.001, 10, 128, 4150) ::: 0.748889
(1e-05, 50, 64, 4150) ::: 0.742091
(0.0001, 10, 64, 4150) ::: 0.737530
(0.0001, 10, 128, 4150) ::: 0.709131
(1e-05, 50, 128, 4150) ::: 0.708583
(1e-05, 20, 32, 4150) ::: 0.696122
(0.001, 20, 128, 1037) ::: 0.689797
(0.0001, 5, 32, 4150) ::: 0.683940
(0.001, 10, 32, 1037) ::: 0.672926
(0.0001, 20, 64, 1037) ::: 0.666683
(0.0001, 5, 64, 4150) ::: 0.665865
(1e-05, 20, 64, 4150) ::: 0.665328
(0.001, 5, 64, 4150) ::: 0.662873
(0.001, 10, 128, 1037) ::: 0.662491
(0.0001, 50, 128, 1037) ::: 0.660563
(0.0001, 50, 64, 1037) ::: 0.660401
(0.0001, 5, 128, 4150) ::: 0.659921
(0.001, 10, 64, 1037) ::: 0.659039
(0.001, 10, 32, 4150) ::: 0.658578
(0.0001, 10, 32, 1037) ::: 0.654834
(0.001, 5, 128, 4150) ::: 0.651834
(1e-05, 10, 32, 4150) ::: 0.650679
(0.001, 5, 128, 1037) ::: 0.649820
(0.0001, 50, 32, 1037) ::: 0.648636
(0.0001, 20, 128, 1037) ::: 0.647889
(0.0001, 20, 32, 1037) ::: 0.647117
(1e-05, 20, 128, 4150) ::: 0.645235
(0.001, 5, 64, 1037) ::: 0.644019
(0.0001, 10, 64, 1037) ::: 0.638562
(1e-05, 10, 64, 4150) ::: 0.635934
(1e-05, 50, 32, 1037) ::: 0.632938
(0.001, 50, 32, 129) ::: 0.628304
(0.001, 5, 32, 1037) ::: 0.626784
(0.0001, 10, 128, 1037) ::: 0.626091
(1e-05, 10, 128, 4150) ::: 0.623511
(0.0001, 5, 32, 1037) ::: 0.623369
(1e-05, 50, 64, 1037) ::: 0.621925
(1e-05, 50, 128, 1037) ::: 0.619627
(1e-05, 5, 32, 4150) ::: 0.618637
(0.001, 50, 64, 129) ::: 0.617608
(1e-05, 5, 64, 4150) ::: 0.612205
(0.001, 10, 128, 129) ::: 0.610152
(0.0001, 50, 32, 129) ::: 0.609461
(1e-05, 20, 64, 1037) ::: 0.606940
(0.001, 5, 64, 129) ::: 0.605568
(0.0001, 5, 64, 1037) ::: 0.605156
(1e-05, 5, 128, 4150) ::: 0.604843
(1e-05, 20, 32, 1037) ::: 0.604308
(0.0001, 5, 128, 1037) ::: 0.604163
(0.001, 20, 64, 129) ::: 0.602816
(0.001, 10, 64, 129) ::: 0.600933
(0.001, 5, 32, 129) ::: 0.600326
(1e-05, 20, 128, 1037) ::: 0.599746
(0.001, 10, 32, 129) ::: 0.599593
(1e-05, 10, 64, 1037) ::: 0.599382
(0.0001, 50, 64, 129) ::: 0.598890
(0.001, 20, 32, 129) ::: 0.598236
(1e-05, 5, 64, 1037) ::: 0.598098
(0.0001, 20, 64, 129) ::: 0.597849
(0.0001, 50, 128, 129) ::: 0.596790
(0.0001, 20, 32, 129) ::: 0.596316
(1e-05, 10, 32, 1037) ::: 0.596151
(0.0001, 10, 32, 129) ::: 0.595895
(0.0001, 20, 128, 129) ::: 0.595871
(0.001, 50, 128, 129) ::: 0.595521
(0.001, 20, 128, 129) ::: 0.594658
(1e-05, 10, 128, 1037) ::: 0.593805
(1e-05, 50, 64, 129) ::: 0.593767
(1e-05, 50, 32, 129) ::: 0.593397
(0.0001, 5, 32, 129) ::: 0.593276
(1e-05, 20, 64, 129) ::: 0.592915
(1e-05, 5, 32, 1037) ::: 0.592912
(0.0001, 10, 64, 129) ::: 0.591996
(0.001, 5, 128, 129) ::: 0.591666
(0.0001, 5, 64, 129) ::: 0.591402
(1e-05, 5, 128, 1037) ::: 0.590347
(1e-05, 50, 128, 129) ::: 0.589174
(0.001, 5, 32, 4150) ::: 0.587719
(0.0001, 10, 128, 129) ::: 0.587393
(1e-05, 20, 32, 129) ::: 0.584421
(0.0001, 5, 128, 129) ::: 0.581894
(1e-05, 20, 128, 129) ::: 0.575828
(1e-05, 10, 32, 129) ::: 0.572380
(1e-05, 10, 64, 129) ::: 0.538738
(1e-05, 5, 32, 129) ::: 0.526631
(1e-05, 10, 128, 129) ::: 0.508115
(1e-05, 5, 64, 129) ::: 0.505583
(1e-05, 5, 128, 129) ::: 0.481166


{(0.001, 5, 32, 4150): 0.5877190927783652, (0.001, 5, 32, 1037): 0.6267838210801304, (0.001, 5, 32, 129): 0.6003260437126702, (0.001, 5, 64, 4150): 0.6628725203657716, (0.001, 5, 64, 1037): 0.6440188999198069, (0.001, 5, 64, 129): 0.60556787952475, (0.001, 5, 128, 4150): 0.6518344301677483, (0.001, 5, 128, 1037): 0.649820286060665, (0.001, 5, 128, 129): 0.5916660670376362, (0.001, 10, 32, 4150): 0.6585780375246751, (0.001, 10, 32, 1037): 0.6729255137476098, (0.001, 10, 32, 129): 0.5995933440197458, (0.001, 10, 64, 4150): 0.792814463457683, (0.001, 10, 64, 1037): 0.6590388158897804, (0.001, 10, 64, 129): 0.6009329252260016, (0.001, 10, 128, 4150): 0.7488894631269841, (0.001, 10, 128, 1037): 0.6624909595927404, (0.001, 10, 128, 129): 0.6101517683152965, (0.001, 20, 32, 4150): 0.7873721253574916, (0.001, 20, 32, 1037): 0.8042517113527544, (0.001, 20, 32, 129): 0.5982356113753633, (0.001, 20, 64, 4150): 0.879886692481658, (0.001, 20, 64, 1037): 0.7655262599390819, (0.001, 20, 64, 129): 0.6028163143362688, (0.001, 20, 128, 4150): 0.8515106471044168, (0.001, 20, 128, 1037): 0.6897967443290164, (0.001, 20, 128, 129): 0.594658119929769, (0.001, 50, 32, 4150): 0.8643122978041312, (0.001, 50, 32, 1037): 0.885485672864393, (0.001, 50, 32, 129): 0.6283039079807197, (0.001, 50, 64, 4150): 0.902529256382722, (0.001, 50, 64, 1037): 0.8756187534045363, (0.001, 50, 64, 129): 0.6176076870731727, (0.001, 50, 128, 4150): 0.9192344000847334, (0.001, 50, 128, 1037): 0.8281861638421116, (0.001, 50, 128, 129): 0.5955206347365252, (0.0001, 5, 32, 4150): 0.6839402515512747, (0.0001, 5, 32, 1037): 0.6233689418102825, (0.0001, 5, 32, 129): 0.5932764000622186, (0.0001, 5, 64, 4150): 0.665864603474308, (0.0001, 5, 64, 1037): 0.605156382996673, (0.0001, 5, 64, 129): 0.5914015121242392, (0.0001, 5, 128, 4150): 0.6599214000015633, (0.0001, 5, 128, 1037): 0.6041633300261535, (0.0001, 5, 128, 129): 0.5818944132654787, (0.0001, 10, 32, 4150): 0.7558893520012244, (0.0001, 10, 32, 1037): 0.6548336804092505, (0.0001, 10, 32, 129): 0.595894561165575, (0.0001, 10, 64, 4150): 0.7375303905554258, (0.0001, 10, 64, 1037): 0.6385619547784712, (0.0001, 10, 64, 129): 0.5919960841776942, (0.0001, 10, 128, 4150): 0.7091306823742948, (0.0001, 10, 128, 1037): 0.626091486464397, (0.0001, 10, 128, 129): 0.5873929206256372, (0.0001, 20, 32, 4150): 0.8134594098724731, (0.0001, 20, 32, 1037): 0.6471171556864734, (0.0001, 20, 32, 129): 0.5963163028691811, (0.0001, 20, 64, 4150): 0.7876216628731211, (0.0001, 20, 64, 1037): 0.6666834024294125, (0.0001, 20, 64, 129): 0.5978494476843605, (0.0001, 20, 128, 4150): 0.7725109283887759, (0.0001, 20, 128, 1037): 0.6478891392875311, (0.0001, 20, 128, 129): 0.5958706060740534, (0.0001, 50, 32, 4150): 0.8682637848393864, (0.0001, 50, 32, 1037): 0.6486364023567942, (0.0001, 50, 32, 129): 0.609461357007042, (0.0001, 50, 64, 4150): 0.8714023754933746, (0.0001, 50, 64, 1037): 0.6604013574994204, (0.0001, 50, 64, 129): 0.5988903199152188, (0.0001, 50, 128, 4150): 0.8331136972383683, (0.0001, 50, 128, 1037): 0.6605632871468414, (0.0001, 50, 128, 129): 0.5967898188420759, (1e-05, 5, 32, 4150): 0.6186369406440765, (1e-05, 5, 32, 1037): 0.5929115032866112, (1e-05, 5, 32, 129): 0.5266313059137264, (1e-05, 5, 64, 4150): 0.6122050795623083, (1e-05, 5, 64, 1037): 0.5980975104016082, (1e-05, 5, 64, 129): 0.5055826941871795, (1e-05, 5, 128, 4150): 0.6048426932869282, (1e-05, 5, 128, 1037): 0.5903471254737083, (1e-05, 5, 128, 129): 0.48116633094023153, (1e-05, 10, 32, 4150): 0.650678587662968, (1e-05, 10, 32, 1037): 0.5961507235310718, (1e-05, 10, 32, 129): 0.572380130463704, (1e-05, 10, 64, 4150): 0.6359337304594176, (1e-05, 10, 64, 1037): 0.599381727820787, (1e-05, 10, 64, 129): 0.538738296834312, (1e-05, 10, 128, 4150): 0.6235108312357323, (1e-05, 10, 128, 1037): 0.5938045723947027, (1e-05, 10, 128, 129): 0.5081148739719442, (1e-05, 20, 32, 4150): 0.6961220028981556, (1e-05, 20, 32, 1037): 0.604307899135968, (1e-05, 20, 32, 129): 0.5844214283352686, (1e-05, 20, 64, 4150): 0.6653280065292492, (1e-05, 20, 64, 1037): 0.606939781620183, (1e-05, 20, 64, 129): 0.5929146240366913, (1e-05, 20, 128, 4150): 0.6452350085623592, (1e-05, 20, 128, 1037): 0.5997463031577912, (1e-05, 20, 128, 129): 0.5758284335682822, (1e-05, 50, 32, 4150): 0.7594526054491322, (1e-05, 50, 32, 1037): 0.632938428859555, (1e-05, 50, 32, 129): 0.5933973727838675, (1e-05, 50, 64, 4150): 0.7420914740094154, (1e-05, 50, 64, 1037): 0.621925474184328, (1e-05, 50, 64, 129): 0.5937667896993143, (1e-05, 50, 128, 4150): 0.7085832460751098, (1e-05, 50, 128, 1037): 0.6196265526564166, (1e-05, 50, 128, 129): 0.5891741857421192}